#1
double Internals(25, 12)
0	0	0	40.48207074	0	0	134.4004749	67.20023743	40.48207074	0	67.20023743	0
3600	0	0	40.48207074	0	0	134.4004749	67.20023743	40.48207074	0	67.20023743	0
7200	0	0	40.48207074	0	0	134.4004749	67.20023743	40.48207074	0	67.20023743	0
10800	0	0	40.48207074	0	0	134.4004749	67.20023743	40.48207074	0	67.20023743	0
14400	0	0	40.48207074	0	0	134.4004749	67.20023743	40.48207074	0	67.20023743	0
18000	0	0	40.48207074	0	0	134.4004749	67.20023743	40.48207074	0	67.20023743	0
21600	0	0	40.48207074	0	0	134.4004749	67.20023743	40.48207074	0	67.20023743	0
25200	0	0	40.48207074	0	0	133.5908334	67.20023743	40.48207074	0	67.20023743	0
28800	0	344.9072427	40.48207074	131.9715506	287.4227022	0	0	40.48207074	361.9097124	0	0
32400	0	0	40.48207074	0	0	0	0	40.48207074	0	0	0
36000	0	0	40.48207074	0	0	0	0	40.48207074	0	0	0
39600	0	0	40.48207074	0	0	0	0	40.48207074	0	0	0
43200	0	0	40.48207074	0	0	0	0	40.48207074	0	0	0
46800	0	0	40.48207074	0	0	0	0	40.48207074	0	0	0
50400	0	0	40.48207074	0	0	0	0	40.48207074	0	0	0
54000	0	0	40.48207074	0	0	0	102.0148183	40.48207074	0	102.0148183	0
57600	0	0	40.48207074	0	0	0	102.0148183	40.48207074	0	102.0148183	0
61200	0	0	40.48207074	0	0	0	0	40.48207074	0	0	0
64800	243.7020658	0	40.48207074	0	0	0	242.8924244	40.48207074	0	242.8924244	0
68400	243.7020658	527.8862024	40.48207074	131.9715506	550.556162	0	0	40.48207074	0	0	0
72000	408.059273	345.7168841	40.48207074	0	266.3720255	0	0	40.48207074	0	0	0
75600	408.059273	0	40.48207074	0	0	0	172.4536213	40.48207074	178.9307527	172.4536213	0
79200	367.5772023	0	40.48207074	0	0	0	67.20023743	40.48207074	219.4128234	67.20023743	0
82800	0	0	40.48207074	0	0	133.5908334	67.20023743	40.48207074	0	67.20023743	0
86400	0	0	40.48207074	0	0	134.4004749	67.20023743	40.48207074	0	67.20023743	0
